1 2 1420588800
1 3 1420588800
1 4 1451865600
1 5 1500854400
1 1 1515888000
2 7 1507852800
2 1 1512691200
2 8 1512691200
2 6 1514851200
2 6 1514851200
3 1 1444262400
3 9 1444262400
3 9 1444262400
3 10 1444262400
3 11 1444262400
4 9 1470787200
4 9 1470787200
4 11 1470787200
4 12 1472688000
4 13 1472688000
5 12 1384387200
5 13 1384387200
5 9 1384387200
5 9 1384387200
5 11 1384387200
6 12 1376784000
6 13 1376784000
6 9 1376784000
6 9 1376784000
6 11 1376784000
7 9 1302480000
7 9 1302480000
7 11 1302480000
7 12 1304380800
7 13 1304380800
8 12 1296864000
8 13 1296864000
8 14 1426550400
8 15 1431993600
8 16 1503964800
8 17 1505520000
9 21 1234483200
9 21 1242345600
9 24 1380672000
9 25 1408579200
9 28 1410912000
9 29 1430956800
9 18 1433116800
9 26 1441843200
9 30 1441843200
9 31 1459814400
9 23 1460246400
9 20 1470528000
9 27 1470528000
9 19 1487030400
9 16 1504224000
9 16 1504224000
9 22 1504569600
9 16 1506988800
10 32 1151539200
10 33 1375056000
10 34 1416441600
10 15 1431907200
10 35 1457308800
10 36 1501977600
10 36 1506384000
11 38 1072656000
11 37 1072742400
11 16 1504310400
11 16 1504310400
11 39 1526860800
12 41 1095724800
12 41 1119916800
12 40 1169337600
12 44 1464912000
12 43 1467849600
12 42 1506038400
12 6 1508284800
12 6 1508284800
13 45 1385510400
13 46 1385510400
13 2 1385510400
13 3 1385510400
13 47 1385683200
14 51 1197676800
14 48 1197849600
14 49 1197849600
14 50 1197849600
14 45 1276300800
14 52 1299369600
15 54 1257724800
15 53 1369267200
15 9 1509667200
15 9 1509667200
15 11 1509667200
16 56 1363651200
16 53 1364083200
16 57 1364083200
16 58 1366243200
16 55 1405900800
17 59 1304640000
17 60 1349136000
17 60 1349136000
17 61 1355184000
17 62 1466726400
18 63 1490486400
18 64 1490486400
18 65 1490486400
18 67 1490486400
18 66 1521676800
18 68 1521676800
18 69 1521676800
18 70 1521676800
18 71 1521676800
19 63 1451433600
19 78 1451433600
19 72 1453248000
19 73 1454198400
19 74 1454198400
19 76 1454198400
19 77 1454198400
19 75 1482019200
20 82 1366156800
20 79 1368921600
20 80 1382227200
20 80 1382227200
20 81 1475625600
21 54 1144281600
21 83 1144368000
21 85 1371686400
21 16 1503878400
21 84 1514592000
21 84 1514592000
22 87 1497312000
22 86 1499299200
22 36 1502668800
22 36 1506384000
22 84 1507680000
22 84 1507680000
22 16 1508112000
23 89 1469145600
23 86 1476921600
23 90 1477699200
23 88 1479081600
23 92 1479168000
23 91 1481500800
23 93 1483488000
24 96 1445385600
24 97 1455926400
24 86 1462752000
24 95 1465516800
24 94 1466553600
25 101 1359936000
25 86 1365724800
25 99 1365724800
25 98 1414886400
25 100 1473033600
26 102 1456444800
26 103 1456444800
26 104 1497744000
26 105 1497744000
26 106 1497916800
27 107 1282089600
27 109 1357516800
27 102 1394236800
27 103 1394236800
27 108 1401494400
27 108 1401494400
28 111 1365984000
28 114 1386633600
28 102 1388966400
28 103 1388966400
28 112 1394409600
28 113 1418601600
28 110 1430611200
28 43 1468713600
28 16 1504396800
29 42 1381622400
29 102 1384387200
29 42 1388102400
29 42 1388102400
29 42 1388102400
29 42 1388102400
29 115 1412640000
29 116 1427673600
30 102 1335484800
30 102 1335484800
30 103 1335484800
30 103 1335484800
30 117 1343520000
31 41 1460332800
31 41 1460332800
31 119 1468972800
31 118 1475539200
31 41 1493078400
32 2 1272844800
32 3 1272844800
32 120 1475712000
32 121 1481587200
32 41 1486166400
33 122 1463356800
33 125 1477958400
33 123 1482710400
33 41 1484870400
33 124 1500940800
34 2 1402444800
34 3 1402444800
34 41 1433462400
34 127 1449100800
34 126 1464048000
35 129 1413936000
35 16 1417305600
35 16 1419465600
35 16 1419897600
35 4 1420243200
35 47 1436918400
35 128 1438041600
36 130 1367193600
36 130 1367193600
36 128 1425772800
36 131 1425772800
36 47 1491091200
37 133 1439424000
37 134 1439424000
37 123 1453593600
37 132 1475884800
37 135 1481500800
38 2 1338249600
38 3 1338249600
38 25 1407628800
38 136 1408320000
38 137 1425600000
38 36 1500508800
38 16 1504310400
38 16 1504310400
38 84 1504742400
38 84 1504742400
39 141 1302134400
39 141 1302134400
39 138 1311811200
39 143 1316476800
39 142 1316563200
39 139 1316649600
39 140 1321488000
40 144 1176768000
40 2 1244246400
40 3 1244246400
40 16 1504396800
40 100 1527206400
41 145 1175126400
41 130 1215734400
41 130 1215734400
41 146 1247184000
41 20 1470873600
41 27 1470873600
41 16 1503705600
42 147 1398297600
42 148 1438992000
42 148 1438992000
42 149 1438992000
42 148 1458518400
43 151 1352851200
43 151 1352851200
43 150 1438905600
43 16 1503964800
43 22 1504224000
44 54 1317081600
44 112 1393891200
44 16 1503792000
44 84 1504310400
44 84 1504310400
45 156 1437264000
45 153 1452211200
45 155 1452816000
45 152 1453161600
45 116 1509321600
45 154 1520208000
46 157 1286841600
46 158 1331942400
46 159 1400457600
46 160 1412380800
46 16 1516924800
46 16 1516924800
47 107 1214784000
47 163 1482796800
47 161 1509408000
47 161 1509408000
47 162 1509408000
48 168 1411948800
48 170 1423440000
48 166 1438041600
48 172 1439942400
48 167 1448841600
48 165 1455580800
48 169 1457654400
48 164 1457827200
48 171 1469404800
49 164 1389052800
49 173 1443052800
49 174 1462233600
49 176 1476144000
49 175 1478908800
50 9 1452384000
50 9 1452384000
50 11 1452384000
50 2 1464048000
50 3 1464048000
51 2 1443571200
51 3 1443571200
51 178 1454976000
51 177 1477612800
51 179 1477612800
52 110 1389398400
52 180 1392508800
52 180 1392508800
52 2 1429056000
52 3 1429056000
53 9 1416960000
53 9 1416960000
53 11 1416960000
53 2 1422489600
53 3 1422489600
54 2 1420329600
54 3 1420329600
54 16 1504224000
54 16 1504224000
54 84 1505520000
54 84 1505520000
55 2 1417651200
55 3 1417651200
55 181 1496188800
55 180 1499385600
55 180 1499385600
56 2 1416268800
56 3 1416268800
56 9 1433894400
56 9 1433894400
56 11 1433894400
57 9 1407110400
57 9 1407110400
57 11 1407110400
57 2 1411603200
57 3 1411603200
58 2 1388102400
58 3 1388102400
58 182 1405900800
58 182 1405900800
58 183 1438300800
59 2 1387324800
59 3 1387324800
59 184 1414281600
59 16 1414281600
59 16 1422662400
59 16 1440374400
60 55 1384819200
60 2 1386806400
60 3 1386806400
60 185 1387756800
60 186 1441152000
60 108 1455235200
60 108 1455235200
60 167 1458604800
61 2 1386547200
61 3 1386547200
61 4 1440979200
61 187 1494374400
61 187 1494374400
61 188 1494374400
62 2 1380499200
62 3 1380499200
62 9 1437868800
62 9 1437868800
62 11 1437868800
63 189 1302998400
63 2 1377648000
63 3 1377648000
63 191 1422144000
63 190 1424476800
63 192 1475625600
64 195 1281744000
64 194 1354147200
64 2 1356220800
64 193 1356220800
64 3 1356220800
64 196 1414108800
65 2 1320537600
65 3 1320537600
65 197 1416528000
65 198 1417305600
65 16 1507593600
65 84 1508630400
65 84 1508630400
66 2 1302220800
66 3 1302220800
66 199 1316390400
66 114 1385942400
66 200 1423094400
66 15 1431043200
66 16 1504310400
67 2 1196467200
67 3 1196467200
67 201 1382832000
67 202 1422403200
67 203 1451952000
67 205 1455926400
67 204 1458086400
68 2 1189209600
68 3 1189209600
68 84 1504656000
68 84 1504656000
68 16 1505692800
69 2 1176595200
69 3 1176595200
69 206 1332633600
69 21 1353628800
69 16 1503705600
69 22 1504310400
70 207 1461369600
70 210 1470614400
70 211 1480896000
70 208 1483142400
70 209 1491004800
71 160 1412294400
71 212 1426032000
71 20 1471737600
71 27 1471737600
71 84 1509321600
71 84 1509321600
72 212 1424390400
72 16 1504569600
72 84 1505520000
72 84 1505520000
72 16 1506988800
73 16 1413936000
73 16 1413936000
73 16 1416182400
73 16 1419724800
73 216 1419724800
73 184 1420243200
73 16 1420243200
73 16 1425513600
73 214 1444780800
73 16 1452556800
73 218 1455580800
73 215 1457395200
73 16 1461196800
73 217 1472169600
73 213 1476144000
74 184 1374192000
74 216 1374192000
74 16 1374192000
74 16 1374192000
74 16 1374192000
74 16 1374192000
74 16 1374192000
74 16 1374192000
74 16 1374192000
74 16 1374192000
74 16 1374192000
74 16 1374192000
74 16 1374192000
75 16 1326412800
75 16 1327622400
75 219 1327622400
75 184 1339200000
75 16 1339200000
76 130 1274832000
76 130 1274832000
76 220 1288656000
76 222 1299283200
76 221 1419552000
76 223 1495929600
77 224 1447286400
77 227 1448236800
77 226 1458259200
77 225 1484697600
77 228 1484697600
78 111 1375056000
78 239 1380240000
78 231 1420848000
78 235 1432166400
78 241 1435104000
78 238 1440460800
78 233 1440547200
78 237 1440806400
78 234 1445990400
78 230 1450915200
78 236 1461888000
78 240 1463011200
78 242 1463270400
78 243 1469836800
78 232 1473552000
78 229 1499990400
79 249 1391126400
79 251 1412726400
79 246 1414368000
79 250 1414368000
79 245 1416009600
79 8 1461715200
79 257 1481673600
79 247 1481760000
79 255 1481760000
79 244 1487376000
79 108 1489881600
79 108 1489881600
79 254 1489881600
79 253 1503187200
79 256 1508198400
79 252 1522800000
79 248 1523404800
80 258 1450483200
80 165 1459468800
80 259 1488412800
80 162 1498780800
80 260 1518998400
81 261 1417737600
81 262 1417737600
81 263 1418947200
81 266 1418947200
81 264 1427673600
81 265 1427673600
82 261 1396396800
82 266 1414540800
82 262 1423872000
82 267 1424476800
82 268 1432771200
82 269 1447804800
83 16 1365897600
83 16 1365984000
83 16 1370649600
83 270 1370908800
83 272 1370908800
83 271 1470355200
84 50 1197244800
84 48 1197331200
84 273 1336348800
84 16 1503964800
84 17 1505174400
85 51 1260576000
85 49 1274313600
85 198 1435104000
85 22 1504483200
85 16 1506211200
86 50 1226534400
86 55 1382054400
86 274 1445990400
86 16 1505088000
86 116 1515542400
87 50 1197590400
87 130 1216166400
87 130 1216166400
87 275 1353196800
87 16 1504396800
88 252 1415059200
88 276 1477440000
88 277 1477440000
88 16 1503878400
88 84 1504569600
88 84 1504569600
89 276 1447632000
89 280 1464480000
89 278 1467417600
89 279 1497571200
89 281 1532217600
90 282 1437868800
90 276 1438646400
90 277 1438646400
90 284 1438646400
90 283 1445817600
91 276 1414454400
91 277 1414454400
91 286 1414972800
91 285 1444348800
91 285 1444348800
91 285 1473897600
92 288 1429833600
92 55 1436054400
92 287 1442880000
92 287 1442880000
92 154 1451865600
92 16 1451865600
93 57 1366329600
93 287 1438819200
93 287 1438819200
93 204 1459209600
93 289 1460851200
93 36 1500768000
93 36 1506124800
93 16 1529452800
94 287 1437868800
94 287 1437868800
94 290 1442102400
94 169 1446336000
94 291 1450742400
95 292 1365465600
95 16 1414368000
95 287 1432684800
95 287 1432684800
95 293 1464825600
96 294 1368144000
96 287 1431734400
96 287 1431734400
96 36 1503187200
96 16 1503964800
96 36 1506816000
97 295 1423612800
97 287 1431648000
97 287 1431648000
97 296 1449792000
97 16 1507420800
98 297 1241740800
98 287 1431043200
98 287 1431043200
98 84 1508716800
98 84 1508716800
99 298 1358380800
99 299 1415836800
99 300 1459555200
99 108 1499644800
99 108 1499644800
100 303 1481500800
100 304 1481846400
100 108 1490486400
100 108 1490486400
100 302 1493164800
100 305 1493164800
100 301 1504742400
101 306 1271116800
101 161 1358726400
101 161 1358726400
101 36 1510099200
101 16 1531008000
102 308 1466467200
102 307 1474675200
102 307 1474675200
102 309 1476144000
102 310 1476144000
103 312 1425945600
103 313 1431648000
103 315 1434585600
103 314 1437436800
103 311 1441152000
103 311 1441152000
104 316 1458950400
104 316 1458950400
104 317 1462579200
104 318 1462579200
104 319 1473033600
105 316 1404000000
105 316 1404000000
105 320 1404086400
105 320 1404086400
105 321 1499558400
106 275 1350086400
106 296 1399852800
106 16 1512518400
106 84 1518307200
106 84 1518307200
107 160 1412208000
107 16 1504051200
107 84 1508803200
107 84 1508803200
107 16 1508803200
108 114 1386115200
108 25 1409011200
108 324 1439164800
108 322 1439769600
108 94 1465344000
108 323 1468454400
108 20 1470787200
108 27 1470787200
108 16 1504742400
108 84 1507507200
108 84 1507507200
109 112 1393718400
109 25 1408147200
109 160 1412380800
109 325 1425081600
109 36 1501286400
109 16 1504137600
109 16 1504137600
109 84 1506729600
109 84 1506729600
109 16 1516579200
110 16 1504396800
110 16 1506297600
110 84 1506643200
110 84 1506643200
110 16 1506643200
111 116 1419984000
111 232 1485043200
111 16 1504310400
111 16 1504310400
111 84 1506643200
111 84 1506643200
112 15 1435536000
112 326 1443916800
112 84 1506038400
112 84 1506038400
112 16 1506038400
113 327 1383004800
113 25 1408233600
113 160 1411171200
113 328 1422662400
113 326 1442188800
113 19 1486857600
113 36 1500940800
113 84 1505692800
113 84 1505692800
114 326 1443052800
114 16 1503878400
114 84 1505520000
114 84 1505520000
114 10 1516579200
115 39 1439856000
115 329 1439856000
115 330 1491868800
115 84 1505347200
115 84 1505347200
115 16 1529712000
116 331 1232496000
116 20 1470873600
116 27 1470873600
116 16 1503964800
116 84 1505174400
116 84 1505174400
117 332 1431043200
117 290 1442188800
117 16 1504396800
117 84 1505088000
117 84 1505088000
117 36 1505865600
118 334 1349740800
118 336 1433030400
118 333 1435536000
118 335 1468886400
118 19 1487030400
118 16 1503878400
118 84 1505088000
118 84 1505088000
118 36 1506038400
119 112 1396396800
119 16 1504137600
119 16 1504137600
119 84 1505088000
119 84 1505088000
119 16 1507507200
120 85 1374192000
120 326 1442275200
120 84 1505088000
120 84 1505088000
120 36 1505865600
121 20 1470096000
121 27 1470096000
121 16 1503964800
121 84 1505001600
121 84 1505001600
122 16 1504310400
122 16 1504310400
122 84 1505001600
122 84 1505001600
122 16 1505952000
123 114 1385251200
123 160 1411603200
123 20 1470182400
123 27 1470182400
123 84 1504915200
123 84 1504915200
124 337 1398470400
124 338 1415577600
124 340 1426118400
124 339 1448668800
124 16 1503964800
124 84 1504915200
124 84 1504915200
125 343 1277769600
125 341 1405209600
125 342 1504396800
125 84 1504828800
125 84 1504828800
126 130 1423785600
126 130 1423785600
126 16 1504137600
126 16 1504137600
126 84 1504828800
126 84 1504828800
127 20 1471046400
127 27 1471046400
127 16 1503878400
127 84 1504742400
127 84 1504742400
128 15 1432252800
128 16 1504051200
128 84 1504742400
128 84 1504742400
128 100 1526428800
129 158 1233878400
129 344 1453507200
129 19 1486944000
129 16 1503878400
129 84 1504742400
129 84 1504742400
130 334 1351123200
130 348 1444348800
130 345 1447632000
130 347 1452124800
130 346 1464739200
130 16 1504051200
130 84 1504656000
130 84 1504656000
131 349 1446940800
131 19 1486684800
131 16 1504137600
131 16 1504137600
131 84 1504569600
131 84 1504569600
132 36 1501027200
132 16 1504224000
132 16 1504224000
132 84 1504569600
132 84 1504569600
132 36 1506729600
133 160 1411430400
133 202 1424217600
133 20 1473033600
133 27 1473033600
133 19 1486684800
133 84 1504310400
133 84 1504310400
134 84 1504224000
134 84 1504224000
134 16 1504224000
134 16 1504224000
134 16 1506038400
135 112 1395187200
135 338 1416355200
135 350 1439078400
135 274 1446336000
135 16 1503878400
135 84 1504224000
135 84 1504224000
136 60 1367884800
136 60 1367884800
136 352 1383523200
136 351 1405814400
136 298 1405814400
137 354 1264118400
137 353 1478995200
137 353 1478995200
137 353 1481760000
137 353 1481760000
138 353 1456358400
138 353 1456358400
138 355 1457136000
138 356 1464652800
138 357 1471737600
139 21 1371081600
139 183 1398643200
139 353 1422316800
139 353 1422316800
139 333 1422316800
139 353 1429833600
139 353 1429833600
139 361 1434240000
139 360 1442966400
139 358 1463097600
139 363 1465430400
139 201 1472342400
139 364 1474329600
139 362 1475625600
139 154 1481068800
139 359 1501804800
140 9 1461024000
140 9 1461024000
140 11 1461024000
140 167 1468627200
140 365 1483747200
141 16 1442620800
141 16 1442620800
141 9 1454025600
141 9 1454025600
141 11 1454025600
142 9 1353715200
142 9 1353715200
142 11 1353715200
142 9 1437264000
142 9 1437264000
142 11 1437264000
143 25 1407715200
143 33 1421971200
143 9 1425340800
143 9 1425340800
143 11 1425340800
143 16 1425772800
143 36 1500681600
144 9 1378944000
144 9 1378944000
144 11 1378944000
144 9 1422057600
144 9 1422057600
144 11 1422057600
145 9 1421020800
145 9 1421020800
145 47 1421020800
145 11 1421020800
145 47 1426291200
146 47 1363219200
146 9 1374883200
146 9 1374883200
146 11 1374883200
146 11 1381276800
147 9 1367107200
147 9 1367107200
147 9 1367107200
147 9 1367107200
147 11 1367107200
147 11 1367107200
148 367 1450742400
148 368 1468540800
148 366 1490486400
148 366 1490486400
148 369 1501372800
149 371 1326672000
149 275 1352764800
149 56 1373414400
149 370 1391299200
149 370 1391299200
150 376 1428019200
150 375 1438473600
150 372 1482710400
150 373 1482710400
150 374 1482710400
151 14 1426032000
151 20 1470787200
151 27 1470787200
151 19 1487462400
151 100 1526169600
152 20 1470268800
152 27 1470268800
152 16 1503964800
152 16 1505952000
152 100 1526947200
153 297 1253923200
153 146 1259020800
153 294 1355961600
153 20 1470096000
153 27 1470096000
154 166 1302998400
154 21 1313193600
154 377 1430870400
154 378 1459036800
154 379 1469404800
154 116 1478736000
155 384 1466640000
155 381 1488931200
155 382 1493164800
155 383 1497916800
155 385 1498867200
155 380 1500595200
155 116 1500595200
156 386 1445212800
156 123 1461110400
156 390 1461110400
156 389 1461542400
156 387 1462406400
156 388 1462406400
157 334 1350172800
157 114 1384992000
157 170 1426377600
157 16 1505692800
157 22 1506556800
158 179 1394755200
158 15 1432080000
158 326 1442534400
158 204 1459728000
158 22 1505692800
158 16 1529452800
159 296 1399507200
159 391 1447977600
159 36 1501027200
159 16 1504051200
159 22 1505520000
160 393 1189814400
160 114 1385424000
160 160 1410220800
160 392 1439856000
160 274 1447891200
160 36 1500768000
160 22 1504828800
160 16 1506643200
160 36 1506643200
161 394 1438473600
161 395 1464998400
161 396 1471910400
161 16 1503964800
161 22 1504483200
162 112 1394841600
162 25 1407801600
162 160 1412467200
162 16 1503878400
162 22 1504483200
162 36 1505779200
163 397 1411084800
163 398 1411516800
163 202 1419292800
163 399 1431820800
163 400 1453766400
164 201 1447286400
164 402 1455667200
164 355 1456272000
164 403 1461196800
164 401 1466553600
164 404 1466640000
164 406 1466640000
164 407 1467504000
164 303 1467936000
164 405 1470700800
165 408 1417910400
165 409 1438214400
165 410 1451952000
165 411 1456272000
165 213 1462579200
165 299 1472256000
165 413 1473206400
165 414 1488672000
165 412 1492214400
166 202 1418947200
166 417 1452816000
166 415 1459900800
166 418 1462406400
166 416 1462579200
167 419 1441584000
167 420 1446940800
167 422 1460073600
167 423 1464652800
167 421 1466640000
168 425 1428278400
168 426 1428278400
168 427 1428278400
168 428 1428278400
168 430 1428278400
168 424 1455753600
168 429 1455753600
169 431 1439856000
169 432 1444435200
169 424 1454716800
169 433 1457740800
169 434 1457740800
170 424 1433376000
170 435 1439078400
170 345 1445040000
170 436 1453075200
170 437 1454112000
171 424 1410912000
171 440 1459900800
171 439 1475625600
171 441 1483920000
171 438 1496793600
172 296 1400803200
172 325 1424995200
172 14 1426204800
172 442 1463702400
172 444 1463702400
172 443 1531785600
173 445 1438992000
173 202 1458950400
173 335 1467504000
173 446 1471478400
173 447 1473897600
174 448 1416182400
174 148 1416182400
174 449 1424908800
174 452 1459296000
174 451 1461024000
174 450 1469923200
175 294 1352937600
175 453 1397779200
175 36 1500508800
175 16 1504137600
175 16 1504137600
176 57 1392854400
176 456 1443139200
176 454 1448755200
176 455 1448755200
176 75 1483228800
177 57 1377993600
177 457 1444435200
177 425 1446249600
177 458 1468627200
177 189 1494028800
178 225 1452729600
178 72 1454457600
178 460 1455840000
178 123 1456099200
178 459 1456704000
179 463 1424995200
179 134 1461888000
179 461 1464652800
179 10 1493164800
179 462 1533081600
180 466 1440892800
180 225 1448841600
180 465 1448841600
180 467 1467763200
180 464 1482796800
180 16 1491523200
181 125 1470873600
181 470 1471046400
181 468 1471737600
181 122 1471737600
181 469 1471737600
182 387 1463875200
182 388 1463875200
182 468 1466121600
182 472 1468800000
182 432 1470528000
182 471 1470528000
183 337 1449619200
183 148 1461456000
183 473 1467504000
183 425 1468627200
183 474 1468627200
184 476 1483401600
184 465 1486512000
184 477 1487289600
184 225 1487980800
184 475 1488412800
185 225 1472256000
185 478 1473292800
185 479 1526169600
185 480 1526169600
185 469 1526169600
185 481 1526169600
186 483 1434412800
186 485 1435449600
186 484 1438905600
186 16 1440374400
186 360 1444089600
186 482 1484784000
186 16 1506384000
186 16 1506643200
186 16 1506643200
187 486 1405468800
187 16 1460937600
187 16 1462752000
187 16 1462752000
187 16 1462752000
187 16 1462752000
188 488 1431302400
188 487 1435622400
188 490 1435708800
188 491 1436313600
188 493 1437004800
188 489 1439856000
188 337 1444867200
188 492 1451088000
189 122 1465430400
189 122 1465430400
189 496 1477958400
189 494 1478044800
189 495 1505520000
190 498 1439337600
190 497 1442275200
190 499 1448236800
190 501 1455667200
190 502 1455840000
190 500 1462924800
191 503 1440720000
191 504 1440720000
191 505 1440720000
191 506 1440720000
191 433 1442966400
192 507 1403049600
192 509 1409270400
192 197 1414108800
192 508 1450656000
192 36 1500854400
192 16 1503964800
193 453 1398211200
193 507 1402876800
193 197 1415664000
193 170 1423872000
193 510 1455321600
193 16 1504051200
194 511 1416873600
194 512 1435536000
194 513 1435536000
194 514 1435536000
194 515 1435536000
195 517 1475539200
195 519 1475539200
195 278 1484179200
195 516 1484179200
195 518 1502064000
196 520 1446940800
196 523 1447027200
196 278 1447372800
196 525 1457481600
196 521 1459987200
196 524 1459987200
196 522 1471824000
197 526 1430265600
197 202 1444348800
197 278 1446336000
197 527 1452297600
197 324 1455494400
198 529 1413936000
198 528 1423699200
198 523 1424822400
198 530 1426118400
198 499 1443139200
198 531 1444176000
198 533 1450137600
198 532 1450310400
198 534 1452988800
199 425 1444953600
199 474 1444953600
199 428 1444953600
199 535 1444953600
199 536 1444953600
199 537 1444953600
199 538 1444953600
199 539 1444953600
199 540 1444953600
200 541 1426464000
200 542 1426464000
200 543 1459123200
200 544 1459123200
200 545 1459123200
201 541 1425945600
201 546 1441065600
201 255 1441065600
201 543 1458864000
201 544 1458864000
201 545 1458864000
202 160 1413244800
202 550 1421798400
202 549 1422403200
202 375 1424908800
202 547 1426809600
202 548 1440374400
203 551 1436313600
203 552 1439510400
203 554 1456099200
203 517 1464220800
203 553 1467936000
203 555 1476921600
204 558 1432339200
204 557 1433462400
204 556 1434758400
204 559 1439510400
204 561 1443312000
204 202 1453507200
204 560 1462579200
205 564 1434412800
205 563 1441238400
205 411 1455321600
205 402 1467331200
205 562 1468713600
206 479 1427673600
206 565 1427673600
206 434 1427673600
206 566 1427673600
206 567 1427673600
207 113 1417910400
207 202 1419984000
207 361 1433721600
207 568 1470441600
207 16 1530230400
208 569 1421798400
208 282 1445126400
208 570 1450310400
208 570 1450310400
208 411 1450310400
209 476 1461715200
209 571 1461715200
209 572 1461715200
209 573 1461715200
209 574 1461715200
209 575 1461715200
210 476 1452211200
210 576 1452211200
210 577 1452211200
210 579 1452211200
210 580 1452211200
210 574 1452211200
210 582 1452211200
210 578 1454198400
210 581 1454198400
211 589 1435622400
211 585 1443484800
211 586 1443484800
211 587 1443484800
211 588 1443484800
211 583 1452988800
211 584 1452988800
211 590 1505347200
212 591 1466208000
212 592 1466208000
212 594 1466208000
212 595 1466208000
212 596 1466208000
212 339 1467158400
212 593 1467158400
213 597 1435622400
213 490 1437091200
213 350 1438646400
213 377 1450310400
213 521 1457654400
214 598 1439769600
214 387 1439769600
214 599 1446854400
214 600 1494806400
214 601 1494806400
215 529 1414972800
215 602 1433376000
215 564 1434499200
215 604 1456099200
215 603 1456617600
215 605 1456617600
215 606 1456617600
215 607 1456876800
215 608 1456876800
215 612 1467244800
215 611 1467331200
215 609 1467590400
215 610 1467590400
215 613 1467590400
216 123 1471392000
216 616 1471392000
216 617 1471392000
216 614 1485734400
216 450 1486425600
216 615 1486425600
216 414 1486425600
217 202 1444435200
217 618 1452211200
217 411 1456704000
217 620 1460592000
217 619 1474675200
217 202 1491004800
218 622 1456963200
218 527 1457568000
218 625 1459814400
218 621 1460678400
218 624 1462406400
218 623 1462838400
218 355 1463443200
219 626 1439251200
219 628 1444089600
219 431 1445558400
219 629 1451347200
219 627 1453852800
220 432 1456617600
220 631 1456617600
220 630 1457395200
220 459 1458950400
220 460 1463184000
221 170 1448236800
221 632 1459123200
221 633 1460419200
221 636 1460419200
221 635 1465257600
221 634 1469404800
222 638 1417392000
222 488 1429488000
222 640 1440028800
222 639 1443052800
222 637 1452816000
223 642 1467763200
223 641 1468022400
223 644 1468368000
223 645 1468368000
223 643 1468972800
224 458 1444780800
224 647 1459555200
224 649 1460937600
224 517 1462147200
224 648 1467244800
224 646 1508457600
225 340 1426377600
225 402 1452902400
225 43 1467158400
225 650 1473120000
225 36 1500681600
225 16 1506297600
226 655 1447286400
226 651 1453593600
226 656 1453593600
226 652 1454976000
226 653 1456099200
226 654 1462147200
226 657 1462147200
227 16 1519344000
227 16 1519344000
227 16 1519344000
227 16 1519344000
227 16 1519344000
227 16 1519344000
228 16 1460505600
228 620 1464739200
228 659 1464739200
228 634 1465344000
228 461 1465776000
228 658 1466380800
228 310 1471305600
229 16 1420934400
229 16 1420934400
229 16 1420934400
229 16 1420934400
229 16 1420934400
229 16 1427241600
230 16 1412726400
230 16 1412726400
230 16 1412726400
230 16 1412726400
230 16 1412726400
230 16 1419465600
231 660 1318550400
231 16 1381276800
231 16 1383523200
231 16 1391212800
231 16 1391212800
231 16 1391212800
231 16 1406764800
231 16 1414195200
232 16 1400716800
232 16 1404345600
232 16 1404345600
232 16 1413072000
232 16 1413590400
233 662 1296172800
233 663 1296172800
233 661 1304553600
233 16 1356825600
233 16 1356825600
234 549 1429142400
234 664 1432252800
234 666 1447113600
234 665 1449273600
234 400 1452988800
235 633 1459468800
235 669 1460246400
235 667 1460764800
235 410 1460937600
235 668 1475193600
236 563 1435104000
236 410 1452816000
236 670 1452816000
236 671 1463616000
236 560 1463616000
237 673 1445817600
237 674 1445817600
237 436 1452729600
237 672 1454976000
237 675 1460332800
237 461 1463788800
238 676 1516924800
238 318 1525046400
238 317 1525046400
238 677 1530057600
238 678 1532908800
239 679 1433548800
239 682 1455062400
239 680 1465084800
239 683 1465689600
239 681 1472342400
240 490 1458691200
240 405 1461628800
240 684 1461974400
240 685 1461974400
240 686 1472515200
241 688 1439942400
241 674 1444521600
241 687 1451779200
241 402 1456272000
241 355 1459123200
242 499 1448064000
242 674 1450915200
242 411 1451865600
242 689 1453680000
242 324 1456012800
242 355 1458691200
242 560 1462579200
243 691 1436227200
243 548 1439942400
243 345 1446163200
243 65 1454198400
243 690 1461715200
244 675 1460419200
244 694 1464134400
244 693 1467590400
244 692 1468108800
244 121 1468281600
244 618 1468713600
245 687 1452297600
245 695 1453939200
245 696 1455753600
245 355 1457308800
245 623 1462492800
245 697 1462492800
245 303 1475452800
245 326 1525219200
246 73 1470096000
246 698 1470096000
246 89 1471478400
246 699 1471478400
246 226 1498694400
247 74 1456099200
247 704 1456272000
247 89 1457049600
247 706 1459728000
247 701 1459900800
247 703 1461024000
247 702 1462320000
247 700 1469836800
247 705 1473120000
248 89 1453420800
248 708 1456272000
248 709 1458086400
248 684 1460505600
248 707 1469836800
249 675 1460505600
249 710 1462060800
249 714 1465862400
249 711 1472688000
249 712 1473206400
249 713 1494633600
250 718 1455321600
250 715 1457913600
250 717 1458864000
250 716 1459987200
250 719 1467072000
251 723 1454889600
251 724 1454889600
251 721 1466380800
251 720 1481328000
251 722 1481587200
252 728 1468800000
252 643 1469059200
252 726 1470268800
252 725 1473292800
252 727 1474070400
253 729 1458259200
253 733 1458259200
253 730 1458604800
253 731 1458604800
253 732 1458604800
254 737 1465084800
254 738 1465084800
254 739 1465084800
254 734 1465171200
254 736 1465171200
254 735 1466812800
255 741 1492041600
255 742 1492041600
255 743 1492041600
255 744 1492041600
255 740 1492560000
256 740 1482624000
256 741 1482624000
256 745 1482624000
256 742 1482624000
256 744 1482624000
257 746 1462320000
257 747 1465948800
257 377 1466208000
257 748 1466380800
257 750 1468368000
257 751 1469750400
257 749 1470009600
258 753 1475107200
258 454 1475107200
258 754 1475107200
258 752 1476403200
258 302 1498003200
259 755 1456185600
259 623 1462147200
259 667 1463529600
259 401 1473465600
259 404 1473465600
260 756 1534982400
260 756 1534982400
260 756 1534982400
260 756 1534982400
260 756 1534982400
260 756 1534982400
260 756 1534982400
260 756 1534982400
260 756 1534982400
260 756 1534982400
260 756 1534982400
261 756 1534723200
261 756 1534723200
261 756 1534723200
261 756 1534723200
261 756 1534723200
261 756 1534723200
261 756 1534723200
261 756 1534723200
261 756 1534723200
261 756 1534723200
262 757 1460678400
262 761 1461801600
262 758 1461888000
262 759 1461888000
262 760 1461888000
263 757 1460419200
263 758 1461715200
263 759 1461715200
263 760 1461715200
263 761 1461715200
264 762 1513468800
264 763 1513468800
264 67 1513468800
264 764 1513468800
264 765 1513468800
264 71 1513468800
265 767 1461369600
265 768 1463270400
265 770 1465948800
265 766 1468800000
265 769 1469232000
266 535 1432684800
266 771 1432684800
266 772 1432684800
266 773 1432684800
266 774 1432684800
267 776 1451347200
267 778 1451865600
267 779 1451865600
267 775 1452816000
267 777 1453420800
268 780 1451692800
268 605 1456876800
268 607 1457654400
268 608 1457913600
268 781 1457913600
269 378 1463443200
269 782 1463443200
269 783 1463443200
269 784 1463443200
269 785 1463443200
270 786 1447200000
270 787 1459814400
270 788 1459814400
270 789 1459814400
270 790 1478044800
271 791 1459814400
271 793 1463529600
271 795 1464652800
271 794 1466208000
271 792 1485993600
272 796 1476662400
272 797 1476662400
272 798 1476662400
272 799 1476662400
272 800 1476662400
273 609 1467676800
273 610 1467676800
273 611 1467676800
273 612 1467676800
273 613 1467676800
